  -6.000  -0.4832   0.00000  -0.00283  -0.0490   0.0000   0.0000
  -5.900  -0.4707   0.00000  -0.00275  -0.0491   0.0000   0.0000
  -5.800  -0.4582   0.00000  -0.00269  -0.0492   0.0000   0.0000
  -5.700  -0.4458   0.00000  -0.00262  -0.0493   0.0000   0.0000
  -5.600  -0.4333   0.00000  -0.00255  -0.0494   0.0000   0.0000
  -5.500  -0.4208   0.00000  -0.00249  -0.0495   0.0000   0.0000
  -5.400  -0.4084   0.00000  -0.00243  -0.0497   0.0000   0.0000
  -5.300  -0.3959   0.00000  -0.00237  -0.0498   0.0000   0.0000
  -5.200  -0.3835   0.00000  -0.00232  -0.0499   0.0000   0.0000
  -5.100  -0.3710   0.00000  -0.00226  -0.0500   0.0000   0.0000
  -5.000  -0.3586   0.00000  -0.00221  -0.0501   0.0000   0.0000
  -4.900  -0.3462   0.00000  -0.00216  -0.0502   0.0000   0.0000
  -4.800  -0.3337   0.00000  -0.00212  -0.0504   0.0000   0.0000
  -4.700  -0.3213   0.00000  -0.00207  -0.0505   0.0000   0.0000
  -4.600  -0.3088   0.00000  -0.00203  -0.0506   0.0000   0.0000
  -4.500  -0.2964   0.00000  -0.00199  -0.0507   0.0000   0.0000
  -4.400  -0.2840   0.00000  -0.00195  -0.0508   0.0000   0.0000
  -4.300  -0.2716   0.00000  -0.00191  -0.0510   0.0000   0.0000
  -4.200  -0.2591   0.00000  -0.00187  -0.0511   0.0000   0.0000
  -4.100  -0.2467   0.00000  -0.00184  -0.0512   0.0000   0.0000
  -4.000  -0.2343   0.00000  -0.00181  -0.0513   0.0000   0.0000
  -3.900  -0.2219   0.00000  -0.00177  -0.0515   0.0000   0.0000
  -3.800  -0.2094   0.00000  -0.00174  -0.0516   0.0000   0.0000
  -3.700  -0.1970   0.00000  -0.00171  -0.0517   0.0000   0.0000
  -3.600  -0.1846   0.00000  -0.00169  -0.0518   0.0000   0.0000
  -3.500  -0.1722   0.00000  -0.00166  -0.0520   0.0000   0.0000
  -3.400  -0.1598   0.00000  -0.00164  -0.0521   0.0000   0.0000
  -3.300  -0.1474   0.00000  -0.00161  -0.0522   0.0000   0.0000
  -3.200  -0.1350   0.00000  -0.00159  -0.0524   0.0000   0.0000
  -3.100  -0.1226   0.00000  -0.00157  -0.0525   0.0000   0.0000
  -3.000  -0.1102   0.00000  -0.00155  -0.0526   0.0000   0.0000
  -2.900  -0.0978   0.00000  -0.00153  -0.0528   0.0000   0.0000
  -2.800  -0.0854   0.00000  -0.00151  -0.0529   0.0000   0.0000
  -2.700  -0.0730   0.00000  -0.00149  -0.0530   0.0000   0.0000
  -2.600  -0.0606   0.00000  -0.00148  -0.0532   0.0000   0.0000
  -2.500  -0.0482   0.00000  -0.00146  -0.0533   0.0000   0.0000
  -2.400  -0.0358   0.00000  -0.00145  -0.0535   0.0000   0.0000
  -2.300  -0.0234   0.00000  -0.00143  -0.0536   0.0000   0.0000
  -2.200  -0.0110   0.00000  -0.00142  -0.0537   0.0000   0.0000
  -2.100   0.0014   0.00000  -0.00141  -0.0539   0.0000   0.0000
  -2.000   0.0138   0.00000  -0.00140  -0.0540   0.0000   0.0000
  -1.900   0.0262   0.00000  -0.00139  -0.0541   0.0000   0.0000
  -1.800   0.0385   0.00000  -0.00138  -0.0543   0.0000   0.0000
  -1.700   0.0509   0.00000  -0.00137  -0.0544   0.0000   0.0000
  -1.600   0.0633   0.00000  -0.00136  -0.0546   0.0000   0.0000
  -1.500   0.0757   0.00000  -0.00135  -0.0547   0.0000   0.0000
  -1.400   0.0881   0.00000  -0.00134  -0.0548   0.0000   0.0000
  -1.300   0.1004   0.00000  -0.00134  -0.0550   0.0000   0.0000
  -1.200   0.1128   0.00000  -0.00133  -0.0551   0.0000   0.0000
  -1.100   0.1252   0.00000  -0.00133  -0.0553   0.0000   0.0000
  -1.000   0.1376   0.00000  -0.00132  -0.0554   0.0000   0.0000
  -0.900   0.1500   0.00000  -0.00132  -0.0556   0.0000   0.0000
  -0.800   0.1623   0.00000  -0.00132  -0.0557   0.0000   0.0000
  -0.700   0.1747   0.00000  -0.00131  -0.0559   0.0000   0.0000
  -0.600   0.1871   0.00000  -0.00131  -0.0560   0.0000   0.0000
  -0.500   0.1994   0.00000  -0.00131  -0.0561   0.0000   0.0000
  -0.400   0.2118   0.00000  -0.00131  -0.0563   0.0000   0.0000
  -0.300   0.2242   0.00000  -0.00131  -0.0564   0.0000   0.0000
  -0.200   0.2366   0.00000  -0.00131  -0.0566   0.0000   0.0000
  -0.100   0.2489   0.00000  -0.00131  -0.0567   0.0000   0.0000
   0.000   0.2613   0.00000  -0.00131  -0.0569   0.0000   0.0000
   0.100   0.2737   0.00000  -0.00131  -0.0570   0.0000   0.0000
   0.200   0.2860   0.00000  -0.00131  -0.0572   0.0000   0.0000
   0.300   0.2984   0.00000  -0.00131  -0.0573   0.0000   0.0000
   0.400   0.3108   0.00000  -0.00132  -0.0575   0.0000   0.0000
   0.500   0.3231   0.00000  -0.00132  -0.0576   0.0000   0.0000
   0.600   0.3355   0.00000  -0.00132  -0.0577   0.0000   0.0000
   0.700   0.3479   0.00000  -0.00133  -0.0579   0.0000   0.0000
   0.800   0.3602   0.00000  -0.00133  -0.0580   0.0000   0.0000
   0.900   0.3726   0.00000  -0.00134  -0.0582   0.0000   0.0000
   1.000   0.3850   0.00000  -0.00134  -0.0583   0.0000   0.0000
   1.100   0.3973   0.00000  -0.00135  -0.0585   0.0000   0.0000
   1.200   0.4097   0.00000  -0.00136  -0.0586   0.0000   0.0000
   1.300   0.4220   0.00000  -0.00137  -0.0588   0.0000   0.0000
   1.400   0.4344   0.00000  -0.00137  -0.0589   0.0000   0.0000
   1.500   0.4468   0.00000  -0.00138  -0.0591   0.0000   0.0000
   1.600   0.4591   0.00000  -0.00139  -0.0592   0.0000   0.0000
   1.700   0.4715   0.00000  -0.00140  -0.0594   0.0000   0.0000
   1.800   0.4839   0.00000  -0.00141  -0.0595   0.0000   0.0000
   1.900   0.4962   0.00000  -0.00142  -0.0597   0.0000   0.0000
   2.000   0.5086   0.00000  -0.00144  -0.0598   0.0000   0.0000
   2.100   0.5209   0.00000  -0.00145  -0.0600   0.0000   0.0000
   2.200   0.5333   0.00000  -0.00146  -0.0601   0.0000   0.0000
   2.300   0.5457   0.00000  -0.00148  -0.0602   0.0000   0.0000
   2.400   0.5580   0.00000  -0.00149  -0.0604   0.0000   0.0000
   2.500   0.5704   0.00000  -0.00151  -0.0605   0.0000   0.0000
   2.600   0.5828   0.00000  -0.00152  -0.0607   0.0000   0.0000
   2.700   0.5951   0.00000  -0.00154  -0.0608   0.0000   0.0000
   2.800   0.6075   0.00000  -0.00156  -0.0610   0.0000   0.0000
   2.900   0.6198   0.00000  -0.00158  -0.0611   0.0000   0.0000
   3.000   0.6322   0.00000  -0.00160  -0.0613   0.0000   0.0000
   3.100   0.6446   0.00000  -0.00162  -0.0614   0.0000   0.0000
   3.200   0.6569   0.00000  -0.00164  -0.0616   0.0000   0.0000
   3.300   0.6693   0.00000  -0.00167  -0.0617   0.0000   0.0000
   3.400   0.6817   0.00000  -0.00169  -0.0618   0.0000   0.0000
   3.500   0.6940   0.00000  -0.00172  -0.0620   0.0000   0.0000
   3.600   0.7064   0.00000  -0.00175  -0.0621   0.0000   0.0000
   3.700   0.7188   0.00000  -0.00177  -0.0623   0.0000   0.0000
   3.800   0.7311   0.00000  -0.00180  -0.0624   0.0000   0.0000
   3.900   0.7435   0.00000  -0.00183  -0.0626   0.0000   0.0000
   4.000   0.7559   0.00000  -0.00187  -0.0627   0.0000   0.0000
   4.100   0.7682   0.00000  -0.00190  -0.0628   0.0000   0.0000
   4.200   0.7806   0.00000  -0.00194  -0.0630   0.0000   0.0000
   4.300   0.7930   0.00000  -0.00197  -0.0631   0.0000   0.0000
   4.400   0.8053   0.00000  -0.00201  -0.0633   0.0000   0.0000
   4.500   0.8177   0.00000  -0.00205  -0.0634   0.0000   0.0000
   4.600   0.8301   0.00000  -0.00209  -0.0635   0.0000   0.0000
   4.700   0.8425   0.00000  -0.00213  -0.0637   0.0000   0.0000
   4.800   0.8548   0.00000  -0.00218  -0.0638   0.0000   0.0000
   4.900   0.8672   0.00000  -0.00223  -0.0640   0.0000   0.0000
   5.000   0.8796   0.00000  -0.00227  -0.0641   0.0000   0.0000
   5.100   0.8920   0.00000  -0.00232  -0.0642   0.0000   0.0000
   5.200   0.9043   0.00000  -0.00238  -0.0644   0.0000   0.0000
   5.300   0.9167   0.00000  -0.00243  -0.0645   0.0000   0.0000
   5.400   0.9291   0.00000  -0.00249  -0.0646   0.0000   0.0000
   5.500   0.9415   0.00000  -0.00255  -0.0648   0.0000   0.0000
   5.600   0.9538   0.00000  -0.00261  -0.0649   0.0000   0.0000
   5.700   0.9662   0.00000  -0.00267  -0.0650   0.0000   0.0000
   5.800   0.9786   0.00000  -0.00274  -0.0652   0.0000   0.0000
   5.900   0.9910   0.00000  -0.00281  -0.0653   0.0000   0.0000
   6.000   1.0034   0.00000  -0.00288  -0.0654   0.0000   0.0000
   6.100   1.0158   0.00000  -0.00295  -0.0656   0.0000   0.0000
   6.200   1.0282   0.00000  -0.00303  -0.0657   0.0000   0.0000
   6.300   1.0406   0.00000  -0.00311  -0.0658   0.0000   0.0000
   6.400   1.0530   0.00000  -0.00319  -0.0660   0.0000   0.0000
   6.500   1.0653   0.00000  -0.00327  -0.0661   0.0000   0.0000
   6.600   1.0777   0.00000  -0.00336  -0.0662   0.0000   0.0000
   6.700   1.0901   0.00000  -0.00345  -0.0663   0.0000   0.0000
   6.800   1.1025   0.00000  -0.00354  -0.0665   0.0000   0.0000
   6.900   1.1149   0.00000  -0.00364  -0.0666   0.0000   0.0000
   7.000   1.1273   0.00000  -0.00374  -0.0667   0.0000   0.0000
   7.100   1.1398   0.00000  -0.00385  -0.0668   0.0000   0.0000
   7.200   1.1522   0.00000  -0.00395  -0.0670   0.0000   0.0000
   7.300   1.1646   0.00000  -0.00406  -0.0671   0.0000   0.0000
   7.400   1.1770   0.00000  -0.00418  -0.0672   0.0000   0.0000
   7.500   1.1894   0.00000  -0.00430  -0.0673   0.0000   0.0000
   7.600   1.2018   0.00000  -0.00442  -0.0674   0.0000   0.0000
   7.700   1.2142   0.00000  -0.00454  -0.0676   0.0000   0.0000
   7.800   1.2266   0.00000  -0.00467  -0.0677   0.0000   0.0000
   7.900   1.2391   0.00000  -0.00481  -0.0678   0.0000   0.0000
   8.000   1.2515   0.00000  -0.00495  -0.0679   0.0000   0.0000
   8.100   1.2639   0.00000  -0.00509  -0.0680   0.0000   0.0000
   8.200   1.2764   0.00000  -0.00523  -0.0681   0.0000   0.0000
   8.300   1.2888   0.00000  -0.00539  -0.0682   0.0000   0.0000
   8.400   1.3012   0.00000  -0.00554  -0.0684   0.0000   0.0000
   8.500   1.3137   0.00000  -0.00570  -0.0685   0.0000   0.0000
   8.600   1.3261   0.00000  -0.00587  -0.0686   0.0000   0.0000
   8.700   1.3385   0.00000  -0.00604  -0.0687   0.0000   0.0000
   8.800   1.3510   0.00000  -0.00621  -0.0688   0.0000   0.0000
   8.900   1.3634   0.00000  -0.00640  -0.0689   0.0000   0.0000
   9.000   1.3759   0.00000  -0.00658  -0.0690   0.0000   0.0000
   9.100   1.3883   0.00000  -0.00677  -0.0691   0.0000   0.0000
   9.200   1.4008   0.00000  -0.00697  -0.0692   0.0000   0.0000
   9.300   1.4133   0.00000  -0.00717  -0.0693   0.0000   0.0000
   9.400   1.4257   0.00000  -0.00738  -0.0694   0.0000   0.0000
   9.500   1.4382   0.00000  -0.00759  -0.0695   0.0000   0.0000
   9.600   1.4507   0.00000  -0.00781  -0.0696   0.0000   0.0000
   9.700   1.4631   0.00000  -0.00804  -0.0697   0.0000   0.0000
   9.800   1.4756   0.00000  -0.00827  -0.0698   0.0000   0.0000
   9.900   1.4881   0.00000  -0.00851  -0.0699   0.0000   0.0000
  10.000   1.5006   0.00000  -0.00875  -0.0700   0.0000   0.0000
  10.100   1.5131   0.00000  -0.00901  -0.0701   0.0000   0.0000
  10.200   1.5256   0.00000  -0.00926  -0.0702   0.0000   0.0000
  10.300   1.5381   0.00000  -0.00953  -0.0703   0.0000   0.0000
  10.400   1.5506   0.00000  -0.00980  -0.0704   0.0000   0.0000
  10.500   1.5631   0.00000  -0.01008  -0.0705   0.0000   0.0000
  10.600   1.5756   0.00000  -0.01037  -0.0705   0.0000   0.0000
  10.700   1.5881   0.00000  -0.01066  -0.0706   0.0000   0.0000
  10.800   1.6006   0.00000  -0.01096  -0.0707   0.0000   0.0000
  10.900   1.6132   0.00000  -0.01127  -0.0708   0.0000   0.0000
  11.000   1.6257   0.00000  -0.01159  -0.0709   0.0000   0.0000
  11.100   1.6382   0.00000  -0.01191  -0.0710   0.0000   0.0000
  11.200   1.6508   0.00000  -0.01224  -0.0710   0.0000   0.0000
  11.300   1.6633   0.00000  -0.01258  -0.0711   0.0000   0.0000
  11.400   1.6759   0.00000  -0.01293  -0.0712   0.0000   0.0000
  11.500   1.6884   0.00000  -0.01329  -0.0713   0.0000   0.0000
  11.600   1.7010   0.00000  -0.01365  -0.0713   0.0000   0.0000
  11.700   1.7135   0.00000  -0.01403  -0.0714   0.0000   0.0000
  11.800   1.7261   0.00000  -0.01441  -0.0715   0.0000   0.0000
  11.900   1.7387   0.00000  -0.01481  -0.0716   0.0000   0.0000
  12.000   1.7513   0.00000  -0.01521  -0.0716   0.0000   0.0000
