  -8.000  -0.7240   0.00000  -0.00336  -0.0462   0.0000   0.0000
  -7.900  -0.7116   0.00000  -0.00328  -0.0463   0.0000   0.0000
  -7.800  -0.6993   0.00000  -0.00320  -0.0464   0.0000   0.0000
  -7.700  -0.6870   0.00000  -0.00312  -0.0465   0.0000   0.0000
  -7.600  -0.6746   0.00000  -0.00304  -0.0466   0.0000   0.0000
  -7.500  -0.6623   0.00000  -0.00297  -0.0467   0.0000   0.0000
  -7.400  -0.6500   0.00000  -0.00290  -0.0468   0.0000   0.0000
  -7.300  -0.6377   0.00000  -0.00283  -0.0469   0.0000   0.0000
  -7.200  -0.6253   0.00000  -0.00276  -0.0470   0.0000   0.0000
  -7.100  -0.6130   0.00000  -0.00270  -0.0471   0.0000   0.0000
  -7.000  -0.6007   0.00000  -0.00264  -0.0472   0.0000   0.0000
  -6.900  -0.5884   0.00000  -0.00258  -0.0473   0.0000   0.0000
  -6.800  -0.5761   0.00000  -0.00252  -0.0474   0.0000   0.0000
  -6.700  -0.5638   0.00000  -0.00246  -0.0475   0.0000   0.0000
  -6.600  -0.5515   0.00000  -0.00241  -0.0477   0.0000   0.0000
  -6.500  -0.5391   0.00000  -0.00235  -0.0478   0.0000   0.0000
  -6.400  -0.5268   0.00000  -0.00230  -0.0479   0.0000   0.0000
  -6.300  -0.5145   0.00000  -0.00225  -0.0480   0.0000   0.0000
  -6.200  -0.5022   0.00000  -0.00221  -0.0481   0.0000   0.0000
  -6.100  -0.4899   0.00000  -0.00216  -0.0482   0.0000   0.0000
  -6.000  -0.4776   0.00000  -0.00212  -0.0483   0.0000   0.0000
  -5.900  -0.4653   0.00000  -0.00207  -0.0485   0.0000   0.0000
  -5.800  -0.4530   0.00000  -0.00203  -0.0486   0.0000   0.0000
  -5.700  -0.4407   0.00000  -0.00199  -0.0487   0.0000   0.0000
  -5.600  -0.4284   0.00000  -0.00195  -0.0488   0.0000   0.0000
  -5.500  -0.4161   0.00000  -0.00192  -0.0489   0.0000   0.0000
  -5.400  -0.4038   0.00000  -0.00188  -0.0491   0.0000   0.0000
  -5.300  -0.3915   0.00000  -0.00185  -0.0492   0.0000   0.0000
  -5.200  -0.3792   0.00000  -0.00181  -0.0493   0.0000   0.0000
  -5.100  -0.3669   0.00000  -0.00178  -0.0494   0.0000   0.0000
  -5.000  -0.3546   0.00000  -0.00175  -0.0496   0.0000   0.0000
  -4.900  -0.3423   0.00000  -0.00172  -0.0497   0.0000   0.0000
  -4.800  -0.3300   0.00000  -0.00170  -0.0498   0.0000   0.0000
  -4.700  -0.3178   0.00000  -0.00167  -0.0499   0.0000   0.0000
  -4.600  -0.3055   0.00000  -0.00164  -0.0501   0.0000   0.0000
  -4.500  -0.2932   0.00000  -0.00162  -0.0502   0.0000   0.0000
  -4.400  -0.2809   0.00000  -0.00159  -0.0503   0.0000   0.0000
  -4.300  -0.2686   0.00000  -0.00157  -0.0504   0.0000   0.0000
  -4.200  -0.2563   0.00000  -0.00155  -0.0506   0.0000   0.0000
  -4.100  -0.2440   0.00000  -0.00153  -0.0507   0.0000   0.0000
  -4.000  -0.2318   0.00000  -0.00151  -0.0508   0.0000   0.0000
  -3.900  -0.2195   0.00000  -0.00149  -0.0510   0.0000   0.0000
  -3.800  -0.2072   0.00000  -0.00147  -0.0511   0.0000   0.0000
  -3.700  -0.1949   0.00000  -0.00145  -0.0512   0.0000   0.0000
  -3.600  -0.1826   0.00000  -0.00144  -0.0514   0.0000   0.0000
  -3.500  -0.1704   0.00000  -0.00142  -0.0515   0.0000   0.0000
  -3.400  -0.1581   0.00000  -0.00141  -0.0516   0.0000   0.0000
  -3.300  -0.1458   0.00000  -0.00139  -0.0518   0.0000   0.0000
  -3.200  -0.1335   0.00000  -0.00138  -0.0519   0.0000   0.0000
  -3.100  -0.1212   0.00000  -0.00137  -0.0520   0.0000   0.0000
  -3.000  -0.1090   0.00000  -0.00135  -0.0522   0.0000   0.0000
  -2.900  -0.0967   0.00000  -0.00134  -0.0523   0.0000   0.0000
  -2.800  -0.0844   0.00000  -0.00133  -0.0524   0.0000   0.0000
  -2.700  -0.0722   0.00000  -0.00132  -0.0526   0.0000   0.0000
  -2.600  -0.0599   0.00000  -0.00131  -0.0527   0.0000   0.0000
  -2.500  -0.0476   0.00000  -0.00130  -0.0529   0.0000   0.0000
  -2.400  -0.0353   0.00000  -0.00129  -0.0530   0.0000   0.0000
  -2.300  -0.0231   0.00000  -0.00129  -0.0531   0.0000   0.0000
  -2.200  -0.0108   0.00000  -0.00128  -0.0533   0.0000   0.0000
  -2.100   0.0015   0.00000  -0.00127  -0.0534   0.0000   0.0000
  -2.000   0.0137   0.00000  -0.00126  -0.0535   0.0000   0.0000
  -1.900   0.0260   0.00000  -0.00126  -0.0537   0.0000   0.0000
  -1.800   0.0383   0.00000  -0.00125  -0.0538   0.0000   0.0000
  -1.700   0.0505   0.00000  -0.00125  -0.0540   0.0000   0.0000
  -1.600   0.0628   0.00000  -0.00124  -0.0541   0.0000   0.0000
  -1.500   0.0750   0.00000  -0.00124  -0.0543   0.0000   0.0000
  -1.400   0.0873   0.00000  -0.00123  -0.0544   0.0000   0.0000
  -1.300   0.0996   0.00000  -0.00123  -0.0545   0.0000   0.0000
  -1.200   0.1118   0.00000  -0.00123  -0.0547   0.0000   0.0000
  -1.100   0.1241   0.00000  -0.00122  -0.0548   0.0000   0.0000
  -1.000   0.1363   0.00000  -0.00122  -0.0550   0.0000   0.0000
  -0.900   0.1486   0.00000  -0.00122  -0.0551   0.0000   0.0000
  -0.800   0.1609   0.00000  -0.00122  -0.0553   0.0000   0.0000
  -0.700   0.1731   0.00000  -0.00121  -0.0554   0.0000   0.0000
  -0.600   0.1854   0.00000  -0.00121  -0.0555   0.0000   0.0000
  -0.500   0.1976   0.00000  -0.00121  -0.0557   0.0000   0.0000
  -0.400   0.2099   0.00000  -0.00121  -0.0558   0.0000   0.0000
  -0.300   0.2221   0.00000  -0.00121  -0.0560   0.0000   0.0000
  -0.200   0.2344   0.00000  -0.00121  -0.0561   0.0000   0.0000
  -0.100   0.2466   0.00000  -0.00121  -0.0563   0.0000   0.0000
   0.000   0.2589   0.00000  -0.00121  -0.0564   0.0000   0.0000
   0.100   0.2711   0.00000  -0.00121  -0.0566   0.0000   0.0000
   0.200   0.2834   0.00000  -0.00121  -0.0567   0.0000   0.0000
   0.300   0.2956   0.00000  -0.00121  -0.0568   0.0000   0.0000
   0.400   0.3079   0.00000  -0.00122  -0.0570   0.0000   0.0000
   0.500   0.3201   0.00000  -0.00122  -0.0571   0.0000   0.0000
   0.600   0.3324   0.00000  -0.00122  -0.0573   0.0000   0.0000
   0.700   0.3446   0.00000  -0.00122  -0.0574   0.0000   0.0000
   0.800   0.3569   0.00000  -0.00123  -0.0576   0.0000   0.0000
   0.900   0.3691   0.00000  -0.00123  -0.0577   0.0000   0.0000
   1.000   0.3814   0.00000  -0.00123  -0.0579   0.0000   0.0000
   1.100   0.3936   0.00000  -0.00124  -0.0580   0.0000   0.0000
   1.200   0.4059   0.00000  -0.00124  -0.0582   0.0000   0.0000
   1.300   0.4181   0.00000  -0.00125  -0.0583   0.0000   0.0000
   1.400   0.4304   0.00000  -0.00125  -0.0585   0.0000   0.0000
   1.500   0.4426   0.00000  -0.00126  -0.0586   0.0000   0.0000
   1.600   0.4548   0.00000  -0.00126  -0.0588   0.0000   0.0000
   1.700   0.4671   0.00000  -0.00127  -0.0589   0.0000   0.0000
   1.800   0.4793   0.00000  -0.00128  -0.0590   0.0000   0.0000
   1.900   0.4916   0.00000  -0.00128  -0.0592   0.0000   0.0000
   2.000   0.5038   0.00000  -0.00129  -0.0593   0.0000   0.0000
   2.100   0.5160   0.00000  -0.00130  -0.0595   0.0000   0.0000
   2.200   0.5283   0.00000  -0.00131  -0.0596   0.0000   0.0000
   2.300   0.5405   0.00000  -0.00131  -0.0598   0.0000   0.0000
   2.400   0.5527   0.00000  -0.00132  -0.0599   0.0000   0.0000
   2.500   0.5650   0.00000  -0.00133  -0.0601   0.0000   0.0000
   2.600   0.5772   0.00000  -0.00134  -0.0602   0.0000   0.0000
   2.700   0.5894   0.00000  -0.00135  -0.0604   0.0000   0.0000
   2.800   0.6017   0.00000  -0.00137  -0.0605   0.0000   0.0000
   2.900   0.6139   0.00000  -0.00138  -0.0607   0.0000   0.0000
   3.000   0.6261   0.00000  -0.00139  -0.0608   0.0000   0.0000
   3.100   0.6384   0.00000  -0.00140  -0.0610   0.0000   0.0000
   3.200   0.6506   0.00000  -0.00142  -0.0611   0.0000   0.0000
   3.300   0.6628   0.00000  -0.00143  -0.0612   0.0000   0.0000
   3.400   0.6751   0.00000  -0.00145  -0.0614   0.0000   0.0000
   3.500   0.6873   0.00000  -0.00146  -0.0615   0.0000   0.0000
   3.600   0.6995   0.00000  -0.00148  -0.0617   0.0000   0.0000
   3.700   0.7118   0.00000  -0.00150  -0.0618   0.0000   0.0000
   3.800   0.7240   0.00000  -0.00151  -0.0620   0.0000   0.0000
   3.900   0.7362   0.00000  -0.00153  -0.0621   0.0000   0.0000
   4.000   0.7484   0.00000  -0.00155  -0.0623   0.0000   0.0000
   4.100   0.7607   0.00000  -0.00157  -0.0624   0.0000   0.0000
   4.200   0.7729   0.00000  -0.00159  -0.0626   0.0000   0.0000
   4.300   0.7851   0.00000  -0.00161  -0.0627   0.0000   0.0000
   4.400   0.7973   0.00000  -0.00164  -0.0628   0.0000   0.0000
   4.500   0.8096   0.00000  -0.00166  -0.0630   0.0000   0.0000
   4.600   0.8218   0.00000  -0.00169  -0.0631   0.0000   0.0000
   4.700   0.8340   0.00000  -0.00171  -0.0633   0.0000   0.0000
   4.800   0.8462   0.00000  -0.00174  -0.0634   0.0000   0.0000
   4.900   0.8584   0.00000  -0.00177  -0.0636   0.0000   0.0000
   5.000   0.8707   0.00000  -0.00180  -0.0637   0.0000   0.0000
   5.100   0.8829   0.00000  -0.00183  -0.0638   0.0000   0.0000
   5.200   0.8951   0.00000  -0.00186  -0.0640   0.0000   0.0000
   5.300   0.9073   0.00000  -0.00189  -0.0641   0.0000   0.0000
   5.400   0.9195   0.00000  -0.00192  -0.0643   0.0000   0.0000
   5.500   0.9318   0.00000  -0.00196  -0.0644   0.0000   0.0000
   5.600   0.9440   0.00000  -0.00200  -0.0646   0.0000   0.0000
   5.700   0.9562   0.00000  -0.00203  -0.0647   0.0000   0.0000
   5.800   0.9684   0.00000  -0.00207  -0.0648   0.0000   0.0000
   5.900   0.9806   0.00000  -0.00211  -0.0650   0.0000   0.0000
   6.000   0.9928   0.00000  -0.00216  -0.0651   0.0000   0.0000
   6.100   1.0051   0.00000  -0.00220  -0.0653   0.0000   0.0000
   6.200   1.0173   0.00000  -0.00224  -0.0654   0.0000   0.0000
   6.300   1.0295   0.00000  -0.00229  -0.0655   0.0000   0.0000
   6.400   1.0417   0.00000  -0.00234  -0.0657   0.0000   0.0000
   6.500   1.0539   0.00000  -0.00239  -0.0658   0.0000   0.0000
   6.600   1.0661   0.00000  -0.00244  -0.0659   0.0000   0.0000
   6.700   1.0784   0.00000  -0.00249  -0.0661   0.0000   0.0000
   6.800   1.0906   0.00000  -0.00255  -0.0662   0.0000   0.0000
   6.900   1.1028   0.00000  -0.00261  -0.0664   0.0000   0.0000
   7.000   1.1150   0.00000  -0.00267  -0.0665   0.0000   0.0000
   7.100   1.1272   0.00000  -0.00273  -0.0666   0.0000   0.0000
   7.200   1.1394   0.00000  -0.00279  -0.0668   0.0000   0.0000
   7.300   1.1516   0.00000  -0.00286  -0.0669   0.0000   0.0000
   7.400   1.1638   0.00000  -0.00292  -0.0670   0.0000   0.0000
   7.500   1.1760   0.00000  -0.00299  -0.0672   0.0000   0.0000
   7.600   1.1883   0.00000  -0.00307  -0.0673   0.0000   0.0000
   7.700   1.2005   0.00000  -0.00314  -0.0674   0.0000   0.0000
   7.800   1.2127   0.00000  -0.00322  -0.0676   0.0000   0.0000
   7.900   1.2249   0.00000  -0.00329  -0.0677   0.0000   0.0000
   8.000   1.2371   0.00000  -0.00338  -0.0678   0.0000   0.0000
   8.100   1.2493   0.00000  -0.00346  -0.0679   0.0000   0.0000
   8.200   1.2615   0.00000  -0.00354  -0.0681   0.0000   0.0000
   8.300   1.2737   0.00000  -0.00363  -0.0682   0.0000   0.0000
   8.400   1.2859   0.00000  -0.00372  -0.0683   0.0000   0.0000
   8.500   1.2981   0.00000  -0.00382  -0.0685   0.0000   0.0000
   8.600   1.3104   0.00000  -0.00392  -0.0686   0.0000   0.0000
   8.700   1.3226   0.00000  -0.00401  -0.0687   0.0000   0.0000
   8.800   1.3348   0.00000  -0.00412  -0.0688   0.0000   0.0000
   8.900   1.3470   0.00000  -0.00422  -0.0690   0.0000   0.0000
   9.000   1.3592   0.00000  -0.00433  -0.0691   0.0000   0.0000
   9.100   1.3714   0.00000  -0.00444  -0.0692   0.0000   0.0000
   9.200   1.3836   0.00000  -0.00456  -0.0693   0.0000   0.0000
   9.300   1.3958   0.00000  -0.00467  -0.0695   0.0000   0.0000
   9.400   1.4080   0.00000  -0.00480  -0.0696   0.0000   0.0000
   9.500   1.4202   0.00000  -0.00492  -0.0697   0.0000   0.0000
   9.600   1.4324   0.00000  -0.00505  -0.0698   0.0000   0.0000
   9.700   1.4447   0.00000  -0.00518  -0.0699   0.0000   0.0000
   9.800   1.4569   0.00000  -0.00531  -0.0701   0.0000   0.0000
   9.900   1.4691   0.00000  -0.00545  -0.0702   0.0000   0.0000
  10.000   1.4813   0.00000  -0.00559  -0.0703   0.0000   0.0000
  10.100   1.4935   0.00000  -0.00574  -0.0704   0.0000   0.0000
  10.200   1.5057   0.00000  -0.00589  -0.0705   0.0000   0.0000
  10.300   1.5179   0.00000  -0.00604  -0.0707   0.0000   0.0000
  10.400   1.5301   0.00000  -0.00620  -0.0708   0.0000   0.0000
  10.500   1.5423   0.00000  -0.00636  -0.0709   0.0000   0.0000
  10.600   1.5546   0.00000  -0.00652  -0.0710   0.0000   0.0000
  10.700   1.5668   0.00000  -0.00669  -0.0711   0.0000   0.0000
  10.800   1.5790   0.00000  -0.00687  -0.0712   0.0000   0.0000
  10.900   1.5912   0.00000  -0.00704  -0.0713   0.0000   0.0000
  11.000   1.6034   0.00000  -0.00722  -0.0715   0.0000   0.0000
  11.100   1.6156   0.00000  -0.00741  -0.0716   0.0000   0.0000
  11.200   1.6278   0.00000  -0.00760  -0.0717   0.0000   0.0000
  11.300   1.6401   0.00000  -0.00780  -0.0718   0.0000   0.0000
  11.400   1.6523   0.00000  -0.00800  -0.0719   0.0000   0.0000
  11.500   1.6645   0.00000  -0.00820  -0.0720   0.0000   0.0000
  11.600   1.6767   0.00000  -0.00841  -0.0721   0.0000   0.0000
  11.700   1.6889   0.00000  -0.00862  -0.0722   0.0000   0.0000
  11.800   1.7011   0.00000  -0.00884  -0.0723   0.0000   0.0000
  11.900   1.7134   0.00000  -0.00907  -0.0724   0.0000   0.0000
  12.000   1.7256   0.00000  -0.00930  -0.0725   0.0000   0.0000
