  -6.000  -0.5051   0.00000  -0.00578  -0.0516   0.0000   0.0000
  -5.900  -0.4920   0.00000  -0.00558  -0.0517   0.0000   0.0000
  -5.800  -0.4789   0.00000  -0.00539  -0.0517   0.0000   0.0000
  -5.700  -0.4657   0.00000  -0.00520  -0.0518   0.0000   0.0000
  -5.600  -0.4526   0.00000  -0.00503  -0.0519   0.0000   0.0000
  -5.500  -0.4395   0.00000  -0.00485  -0.0519   0.0000   0.0000
  -5.400  -0.4264   0.00000  -0.00469  -0.0520   0.0000   0.0000
  -5.300  -0.4134   0.00000  -0.00453  -0.0521   0.0000   0.0000
  -5.200  -0.4003   0.00000  -0.00438  -0.0522   0.0000   0.0000
  -5.100  -0.3872   0.00000  -0.00424  -0.0523   0.0000   0.0000
  -5.000  -0.3742   0.00000  -0.00410  -0.0523   0.0000   0.0000
  -4.900  -0.3612   0.00000  -0.00397  -0.0524   0.0000   0.0000
  -4.800  -0.3481   0.00000  -0.00384  -0.0525   0.0000   0.0000
  -4.700  -0.3351   0.00000  -0.00372  -0.0526   0.0000   0.0000
  -4.600  -0.3221   0.00000  -0.00360  -0.0527   0.0000   0.0000
  -4.500  -0.3091   0.00000  -0.00349  -0.0528   0.0000   0.0000
  -4.400  -0.2961   0.00000  -0.00338  -0.0529   0.0000   0.0000
  -4.300  -0.2831   0.00000  -0.00328  -0.0530   0.0000   0.0000
  -4.200  -0.2701   0.00000  -0.00318  -0.0531   0.0000   0.0000
  -4.100  -0.2572   0.00000  -0.00309  -0.0532   0.0000   0.0000
  -4.000  -0.2442   0.00000  -0.00300  -0.0533   0.0000   0.0000
  -3.900  -0.2312   0.00000  -0.00292  -0.0534   0.0000   0.0000
  -3.800  -0.2183   0.00000  -0.00284  -0.0535   0.0000   0.0000
  -3.700  -0.2053   0.00000  -0.00276  -0.0536   0.0000   0.0000
  -3.600  -0.1924   0.00000  -0.00269  -0.0538   0.0000   0.0000
  -3.500  -0.1795   0.00000  -0.00262  -0.0539   0.0000   0.0000
  -3.400  -0.1665   0.00000  -0.00255  -0.0540   0.0000   0.0000
  -3.300  -0.1536   0.00000  -0.00249  -0.0541   0.0000   0.0000
  -3.200  -0.1407   0.00000  -0.00243  -0.0542   0.0000   0.0000
  -3.100  -0.1278   0.00000  -0.00237  -0.0544   0.0000   0.0000
  -3.000  -0.1149   0.00000  -0.00232  -0.0545   0.0000   0.0000
  -2.900  -0.1020   0.00000  -0.00227  -0.0546   0.0000   0.0000
  -2.800  -0.0891   0.00000  -0.00222  -0.0547   0.0000   0.0000
  -2.700  -0.0762   0.00000  -0.00217  -0.0549   0.0000   0.0000
  -2.600  -0.0633   0.00000  -0.00213  -0.0550   0.0000   0.0000
  -2.500  -0.0504   0.00000  -0.00209  -0.0551   0.0000   0.0000
  -2.400  -0.0376   0.00000  -0.00205  -0.0552   0.0000   0.0000
  -2.300  -0.0247   0.00000  -0.00202  -0.0554   0.0000   0.0000
  -2.200  -0.0118   0.00000  -0.00198  -0.0555   0.0000   0.0000
  -2.100   0.0010   0.00000  -0.00195  -0.0556   0.0000   0.0000
  -2.000   0.0139   0.00000  -0.00192  -0.0558   0.0000   0.0000
  -1.900   0.0268   0.00000  -0.00190  -0.0559   0.0000   0.0000
  -1.800   0.0396   0.00000  -0.00187  -0.0560   0.0000   0.0000
  -1.700   0.0525   0.00000  -0.00185  -0.0562   0.0000   0.0000
  -1.600   0.0653   0.00000  -0.00183  -0.0563   0.0000   0.0000
  -1.500   0.0782   0.00000  -0.00181  -0.0565   0.0000   0.0000
  -1.400   0.0910   0.00000  -0.00179  -0.0566   0.0000   0.0000
  -1.300   0.1038   0.00000  -0.00177  -0.0567   0.0000   0.0000
  -1.200   0.1167   0.00000  -0.00176  -0.0569   0.0000   0.0000
  -1.100   0.1295   0.00000  -0.00175  -0.0570   0.0000   0.0000
  -1.000   0.1423   0.00000  -0.00173  -0.0572   0.0000   0.0000
  -0.900   0.1552   0.00000  -0.00172  -0.0573   0.0000   0.0000
  -0.800   0.1680   0.00000  -0.00172  -0.0575   0.0000   0.0000
  -0.700   0.1808   0.00000  -0.00171  -0.0576   0.0000   0.0000
  -0.600   0.1937   0.00000  -0.00170  -0.0578   0.0000   0.0000
  -0.500   0.2065   0.00000  -0.00170  -0.0579   0.0000   0.0000
  -0.400   0.2193   0.00000  -0.00169  -0.0581   0.0000   0.0000
  -0.300   0.2321   0.00000  -0.00169  -0.0582   0.0000   0.0000
  -0.200   0.2450   0.00000  -0.00169  -0.0583   0.0000   0.0000
  -0.100   0.2578   0.00000  -0.00169  -0.0585   0.0000   0.0000
   0.000   0.2706   0.00000  -0.00169  -0.0586   0.0000   0.0000
   0.100   0.2834   0.00000  -0.00170  -0.0588   0.0000   0.0000
   0.200   0.2963   0.00000  -0.00170  -0.0589   0.0000   0.0000
   0.300   0.3091   0.00000  -0.00171  -0.0591   0.0000   0.0000
   0.400   0.3219   0.00000  -0.00172  -0.0592   0.0000   0.0000
   0.500   0.3347   0.00000  -0.00172  -0.0594   0.0000   0.0000
   0.600   0.3475   0.00000  -0.00173  -0.0595   0.0000   0.0000
   0.700   0.3604   0.00000  -0.00174  -0.0597   0.0000   0.0000
   0.800   0.3732   0.00000  -0.00176  -0.0598   0.0000   0.0000
   0.900   0.3860   0.00000  -0.00177  -0.0600   0.0000   0.0000
   1.000   0.3988   0.00000  -0.00179  -0.0601   0.0000   0.0000
   1.100   0.4117   0.00000  -0.00180  -0.0603   0.0000   0.0000
   1.200   0.4245   0.00000  -0.00182  -0.0604   0.0000   0.0000
   1.300   0.4373   0.00000  -0.00184  -0.0606   0.0000   0.0000
   1.400   0.4502   0.00000  -0.00186  -0.0607   0.0000   0.0000
   1.500   0.4630   0.00000  -0.00188  -0.0609   0.0000   0.0000
   1.600   0.4758   0.00000  -0.00191  -0.0610   0.0000   0.0000
   1.700   0.4887   0.00000  -0.00193  -0.0612   0.0000   0.0000
   1.800   0.5015   0.00000  -0.00196  -0.0613   0.0000   0.0000
   1.900   0.5143   0.00000  -0.00199  -0.0615   0.0000   0.0000
   2.000   0.5272   0.00000  -0.00202  -0.0616   0.0000   0.0000
   2.100   0.5400   0.00000  -0.00205  -0.0617   0.0000   0.0000
   2.200   0.5529   0.00000  -0.00209  -0.0619   0.0000   0.0000
   2.300   0.5657   0.00000  -0.00213  -0.0620   0.0000   0.0000
   2.400   0.5786   0.00000  -0.00217  -0.0622   0.0000   0.0000
   2.500   0.5914   0.00000  -0.00221  -0.0623   0.0000   0.0000
   2.600   0.6043   0.00000  -0.00225  -0.0625   0.0000   0.0000
   2.700   0.6172   0.00000  -0.00230  -0.0626   0.0000   0.0000
   2.800   0.6300   0.00000  -0.00234  -0.0627   0.0000   0.0000
   2.900   0.6429   0.00000  -0.00239  -0.0629   0.0000   0.0000
   3.000   0.6558   0.00000  -0.00245  -0.0630   0.0000   0.0000
   3.100   0.6687   0.00000  -0.00250  -0.0632   0.0000   0.0000
   3.200   0.6816   0.00000  -0.00256  -0.0633   0.0000   0.0000
   3.300   0.6944   0.00000  -0.00262  -0.0634   0.0000   0.0000
   3.400   0.7073   0.00000  -0.00269  -0.0636   0.0000   0.0000
   3.500   0.7202   0.00000  -0.00276  -0.0637   0.0000   0.0000
   3.600   0.7331   0.00000  -0.00283  -0.0638   0.0000   0.0000
   3.700   0.7460   0.00000  -0.00290  -0.0640   0.0000   0.0000
   3.800   0.7590   0.00000  -0.00298  -0.0641   0.0000   0.0000
   3.900   0.7719   0.00000  -0.00306  -0.0642   0.0000   0.0000
   4.000   0.7848   0.00000  -0.00314  -0.0644   0.0000   0.0000
   4.100   0.7977   0.00000  -0.00323  -0.0645   0.0000   0.0000
   4.200   0.8107   0.00000  -0.00333  -0.0646   0.0000   0.0000
   4.300   0.8236   0.00000  -0.00342  -0.0647   0.0000   0.0000
   4.400   0.8366   0.00000  -0.00352  -0.0649   0.0000   0.0000
   4.500   0.8495   0.00000  -0.00363  -0.0650   0.0000   0.0000
   4.600   0.8625   0.00000  -0.00374  -0.0651   0.0000   0.0000
   4.700   0.8754   0.00000  -0.00385  -0.0652   0.0000   0.0000
   4.800   0.8884   0.00000  -0.00397  -0.0653   0.0000   0.0000
   4.900   0.9014   0.00000  -0.00410  -0.0654   0.0000   0.0000
   5.000   0.9144   0.00000  -0.00423  -0.0656   0.0000   0.0000
   5.100   0.9274   0.00000  -0.00436  -0.0657   0.0000   0.0000
   5.200   0.9404   0.00000  -0.00450  -0.0658   0.0000   0.0000
   5.300   0.9534   0.00000  -0.00465  -0.0659   0.0000   0.0000
   5.400   0.9664   0.00000  -0.00480  -0.0660   0.0000   0.0000
   5.500   0.9795   0.00000  -0.00496  -0.0661   0.0000   0.0000
   5.600   0.9925   0.00000  -0.00513  -0.0662   0.0000   0.0000
   5.700   1.0055   0.00000  -0.00530  -0.0663   0.0000   0.0000
   5.800   1.0186   0.00000  -0.00548  -0.0664   0.0000   0.0000
   5.900   1.0317   0.00000  -0.00566  -0.0665   0.0000   0.0000
   6.000   1.0447   0.00000  -0.00585  -0.0666   0.0000   0.0000
   6.100   1.0578   0.00000  -0.00605  -0.0667   0.0000   0.0000
   6.200   1.0709   0.00000  -0.00626  -0.0668   0.0000   0.0000
   6.300   1.0840   0.00000  -0.00648  -0.0669   0.0000   0.0000
   6.400   1.0971   0.00000  -0.00670  -0.0670   0.0000   0.0000
   6.500   1.1102   0.00000  -0.00693  -0.0671   0.0000   0.0000
   6.600   1.1234   0.00000  -0.00717  -0.0671   0.0000   0.0000
   6.700   1.1365   0.00000  -0.00742  -0.0672   0.0000   0.0000
   6.800   1.1497   0.00000  -0.00768  -0.0673   0.0000   0.0000
   6.900   1.1628   0.00000  -0.00794  -0.0674   0.0000   0.0000
   7.000   1.1760   0.00000  -0.00822  -0.0675   0.0000   0.0000
   7.100   1.1892   0.00000  -0.00851  -0.0675   0.0000   0.0000
   7.200   1.2024   0.00000  -0.00881  -0.0676   0.0000   0.0000
   7.300   1.2156   0.00000  -0.00911  -0.0677   0.0000   0.0000
   7.400   1.2289   0.00000  -0.00943  -0.0677   0.0000   0.0000
   7.500   1.2421   0.00000  -0.00976  -0.0678   0.0000   0.0000
   7.600   1.2553   0.00000  -0.01010  -0.0679   0.0000   0.0000
   7.700   1.2686   0.00000  -0.01045  -0.0679   0.0000   0.0000
   7.800   1.2819   0.00000  -0.01082  -0.0680   0.0000   0.0000
   7.900   1.2952   0.00000  -0.01119  -0.0680   0.0000   0.0000
   8.000   1.3085   0.00000  -0.01158  -0.0681   0.0000   0.0000
   8.100   1.3218   0.00000  -0.01198  -0.0681   0.0000   0.0000
   8.200   1.3352   0.00000  -0.01240  -0.0682   0.0000   0.0000
   8.300   1.3485   0.00000  -0.01283  -0.0682   0.0000   0.0000
   8.400   1.3619   0.00000  -0.01327  -0.0682   0.0000   0.0000
   8.500   1.3753   0.00000  -0.01372  -0.0683   0.0000   0.0000
   8.600   1.3887   0.00000  -0.01420  -0.0683   0.0000   0.0000
   8.700   1.4021   0.00000  -0.01468  -0.0683   0.0000   0.0000
   8.800   1.4155   0.00000  -0.01518  -0.0684   0.0000   0.0000
   8.900   1.4290   0.00000  -0.01570  -0.0684   0.0000   0.0000
   9.000   1.4424   0.00000  -0.01624  -0.0684   0.0000   0.0000
   9.100   1.4559   0.00000  -0.01679  -0.0684   0.0000   0.0000
   9.200   1.4694   0.00000  -0.01735  -0.0684   0.0000   0.0000
   9.300   1.4829   0.00000  -0.01794  -0.0684   0.0000   0.0000
   9.400   1.4965   0.00000  -0.01854  -0.0684   0.0000   0.0000
   9.500   1.5100   0.00000  -0.01916  -0.0684   0.0000   0.0000
   9.600   1.5236   0.00000  -0.01980  -0.0684   0.0000   0.0000
   9.700   1.5372   0.00000  -0.02046  -0.0684   0.0000   0.0000
   9.800   1.5508   0.00000  -0.02114  -0.0684   0.0000   0.0000
   9.900   1.5645   0.00000  -0.02184  -0.0684   0.0000   0.0000
  10.000   1.5781   0.00000  -0.02256  -0.0684   0.0000   0.0000
  10.100   1.5918   0.00000  -0.02330  -0.0684   0.0000   0.0000
  10.200   1.6055   0.00000  -0.02407  -0.0684   0.0000   0.0000
  10.300   1.6192   0.00000  -0.02485  -0.0683   0.0000   0.0000
  10.400   1.6330   0.00000  -0.02566  -0.0683   0.0000   0.0000
  10.500   1.6468   0.00000  -0.02649  -0.0683   0.0000   0.0000
  10.600   1.6606   0.00000  -0.02735  -0.0682   0.0000   0.0000
  10.700   1.6744   0.00000  -0.02823  -0.0682   0.0000   0.0000
  10.800   1.6882   0.00000  -0.02913  -0.0681   0.0000   0.0000
  10.900   1.7021   0.00000  -0.03006  -0.0681   0.0000   0.0000
  11.000   1.7160   0.00000  -0.03101  -0.0680   0.0000   0.0000
  11.100   1.7299   0.00000  -0.03200  -0.0680   0.0000   0.0000
  11.200   1.7438   0.00000  -0.03301  -0.0679   0.0000   0.0000
  11.300   1.7578   0.00000  -0.03404  -0.0679   0.0000   0.0000
  11.400   1.7718   0.00000  -0.03511  -0.0678   0.0000   0.0000
  11.500   1.7859   0.00000  -0.03621  -0.0677   0.0000   0.0000
  11.600   1.7999   0.00000  -0.03733  -0.0676   0.0000   0.0000
  11.700   1.8140   0.00000  -0.03849  -0.0676   0.0000   0.0000
  11.800   1.8281   0.00000  -0.03968  -0.0675   0.0000   0.0000
  11.900   1.8423   0.00000  -0.04090  -0.0674   0.0000   0.0000
  12.000   1.8564   0.00000  -0.04215  -0.0673   0.0000   0.0000
