  -6.000  -0.5208   0.00000  -0.00801  -0.0535   0.0000   0.0000
  -5.900  -0.5071   0.00000  -0.00771  -0.0535   0.0000   0.0000
  -5.800  -0.4935   0.00000  -0.00742  -0.0535   0.0000   0.0000
  -5.700  -0.4799   0.00000  -0.00715  -0.0536   0.0000   0.0000
  -5.600  -0.4663   0.00000  -0.00688  -0.0536   0.0000   0.0000
  -5.500  -0.4528   0.00000  -0.00663  -0.0536   0.0000   0.0000
  -5.400  -0.4392   0.00000  -0.00638  -0.0537   0.0000   0.0000
  -5.300  -0.4257   0.00000  -0.00615  -0.0537   0.0000   0.0000
  -5.200  -0.4122   0.00000  -0.00593  -0.0538   0.0000   0.0000
  -5.100  -0.3987   0.00000  -0.00571  -0.0539   0.0000   0.0000
  -5.000  -0.3852   0.00000  -0.00550  -0.0539   0.0000   0.0000
  -4.900  -0.3718   0.00000  -0.00531  -0.0540   0.0000   0.0000
  -4.800  -0.3583   0.00000  -0.00512  -0.0540   0.0000   0.0000
  -4.700  -0.3449   0.00000  -0.00494  -0.0541   0.0000   0.0000
  -4.600  -0.3315   0.00000  -0.00476  -0.0542   0.0000   0.0000
  -4.500  -0.3180   0.00000  -0.00460  -0.0543   0.0000   0.0000
  -4.400  -0.3046   0.00000  -0.00444  -0.0543   0.0000   0.0000
  -4.300  -0.2913   0.00000  -0.00429  -0.0544   0.0000   0.0000
  -4.200  -0.2779   0.00000  -0.00415  -0.0545   0.0000   0.0000
  -4.100  -0.2645   0.00000  -0.00401  -0.0546   0.0000   0.0000
  -4.000  -0.2512   0.00000  -0.00388  -0.0547   0.0000   0.0000
  -3.900  -0.2378   0.00000  -0.00375  -0.0548   0.0000   0.0000
  -3.800  -0.2245   0.00000  -0.00364  -0.0549   0.0000   0.0000
  -3.700  -0.2112   0.00000  -0.00352  -0.0550   0.0000   0.0000
  -3.600  -0.1979   0.00000  -0.00341  -0.0551   0.0000   0.0000
  -3.500  -0.1846   0.00000  -0.00331  -0.0552   0.0000   0.0000
  -3.400  -0.1713   0.00000  -0.00322  -0.0553   0.0000   0.0000
  -3.300  -0.1580   0.00000  -0.00312  -0.0554   0.0000   0.0000
  -3.200  -0.1447   0.00000  -0.00304  -0.0555   0.0000   0.0000
  -3.100  -0.1315   0.00000  -0.00295  -0.0556   0.0000   0.0000
  -3.000  -0.1182   0.00000  -0.00288  -0.0557   0.0000   0.0000
  -2.900  -0.1050   0.00000  -0.00280  -0.0559   0.0000   0.0000
  -2.800  -0.0917   0.00000  -0.00273  -0.0560   0.0000   0.0000
  -2.700  -0.0785   0.00000  -0.00267  -0.0561   0.0000   0.0000
  -2.600  -0.0653   0.00000  -0.00260  -0.0562   0.0000   0.0000
  -2.500  -0.0520   0.00000  -0.00254  -0.0564   0.0000   0.0000
  -2.400  -0.0388   0.00000  -0.00249  -0.0565   0.0000   0.0000
  -2.300  -0.0256   0.00000  -0.00244  -0.0566   0.0000   0.0000
  -2.200  -0.0124   0.00000  -0.00239  -0.0567   0.0000   0.0000
  -2.100   0.0008   0.00000  -0.00234  -0.0569   0.0000   0.0000
  -2.000   0.0140   0.00000  -0.00230  -0.0570   0.0000   0.0000
  -1.900   0.0272   0.00000  -0.00226  -0.0571   0.0000   0.0000
  -1.800   0.0403   0.00000  -0.00223  -0.0573   0.0000   0.0000
  -1.700   0.0535   0.00000  -0.00219  -0.0574   0.0000   0.0000
  -1.600   0.0667   0.00000  -0.00216  -0.0575   0.0000   0.0000
  -1.500   0.0799   0.00000  -0.00213  -0.0577   0.0000   0.0000
  -1.400   0.0930   0.00000  -0.00211  -0.0578   0.0000   0.0000
  -1.300   0.1062   0.00000  -0.00208  -0.0580   0.0000   0.0000
  -1.200   0.1193   0.00000  -0.00206  -0.0581   0.0000   0.0000
  -1.100   0.1325   0.00000  -0.00204  -0.0582   0.0000   0.0000
  -1.000   0.1456   0.00000  -0.00203  -0.0584   0.0000   0.0000
  -0.900   0.1588   0.00000  -0.00201  -0.0585   0.0000   0.0000
  -0.800   0.1719   0.00000  -0.00200  -0.0587   0.0000   0.0000
  -0.700   0.1851   0.00000  -0.00199  -0.0588   0.0000   0.0000
  -0.600   0.1982   0.00000  -0.00198  -0.0590   0.0000   0.0000
  -0.500   0.2114   0.00000  -0.00197  -0.0591   0.0000   0.0000
  -0.400   0.2245   0.00000  -0.00197  -0.0593   0.0000   0.0000
  -0.300   0.2377   0.00000  -0.00197  -0.0594   0.0000   0.0000
  -0.200   0.2508   0.00000  -0.00196  -0.0596   0.0000   0.0000
  -0.100   0.2639   0.00000  -0.00197  -0.0597   0.0000   0.0000
   0.000   0.2771   0.00000  -0.00197  -0.0599   0.0000   0.0000
   0.100   0.2902   0.00000  -0.00197  -0.0600   0.0000   0.0000
   0.200   0.3034   0.00000  -0.00198  -0.0602   0.0000   0.0000
   0.300   0.3165   0.00000  -0.00199  -0.0603   0.0000   0.0000
   0.400   0.3296   0.00000  -0.00200  -0.0605   0.0000   0.0000
   0.500   0.3428   0.00000  -0.00201  -0.0606   0.0000   0.0000
   0.600   0.3559   0.00000  -0.00202  -0.0608   0.0000   0.0000
   0.700   0.3691   0.00000  -0.00204  -0.0609   0.0000   0.0000
   0.800   0.3822   0.00000  -0.00206  -0.0611   0.0000   0.0000
   0.900   0.3953   0.00000  -0.00208  -0.0612   0.0000   0.0000
   1.000   0.4085   0.00000  -0.00210  -0.0614   0.0000   0.0000
   1.100   0.4216   0.00000  -0.00212  -0.0615   0.0000   0.0000
   1.200   0.4348   0.00000  -0.00215  -0.0617   0.0000   0.0000
   1.300   0.4480   0.00000  -0.00218  -0.0618   0.0000   0.0000
   1.400   0.4611   0.00000  -0.00221  -0.0620   0.0000   0.0000
   1.500   0.4743   0.00000  -0.00224  -0.0621   0.0000   0.0000
   1.600   0.4874   0.00000  -0.00228  -0.0622   0.0000   0.0000
   1.700   0.5006   0.00000  -0.00231  -0.0624   0.0000   0.0000
   1.800   0.5138   0.00000  -0.00235  -0.0625   0.0000   0.0000
   1.900   0.5270   0.00000  -0.00240  -0.0627   0.0000   0.0000
   2.000   0.5401   0.00000  -0.00244  -0.0628   0.0000   0.0000
   2.100   0.5533   0.00000  -0.00249  -0.0630   0.0000   0.0000
   2.200   0.5665   0.00000  -0.00254  -0.0631   0.0000   0.0000
   2.300   0.5797   0.00000  -0.00259  -0.0633   0.0000   0.0000
   2.400   0.5929   0.00000  -0.00265  -0.0634   0.0000   0.0000
   2.500   0.6061   0.00000  -0.00271  -0.0635   0.0000   0.0000
   2.600   0.6193   0.00000  -0.00277  -0.0637   0.0000   0.0000
   2.700   0.6325   0.00000  -0.00284  -0.0638   0.0000   0.0000
   2.800   0.6458   0.00000  -0.00291  -0.0640   0.0000   0.0000
   2.900   0.6590   0.00000  -0.00298  -0.0641   0.0000   0.0000
   3.000   0.6722   0.00000  -0.00306  -0.0642   0.0000   0.0000
   3.100   0.6855   0.00000  -0.00314  -0.0644   0.0000   0.0000
   3.200   0.6987   0.00000  -0.00323  -0.0645   0.0000   0.0000
   3.300   0.7120   0.00000  -0.00332  -0.0646   0.0000   0.0000
   3.400   0.7253   0.00000  -0.00341  -0.0647   0.0000   0.0000
   3.500   0.7385   0.00000  -0.00351  -0.0649   0.0000   0.0000
   3.600   0.7518   0.00000  -0.00361  -0.0650   0.0000   0.0000
   3.700   0.7651   0.00000  -0.00372  -0.0651   0.0000   0.0000
   3.800   0.7784   0.00000  -0.00384  -0.0652   0.0000   0.0000
   3.900   0.7917   0.00000  -0.00395  -0.0654   0.0000   0.0000
   4.000   0.8050   0.00000  -0.00408  -0.0655   0.0000   0.0000
   4.100   0.8184   0.00000  -0.00421  -0.0656   0.0000   0.0000
   4.200   0.8317   0.00000  -0.00435  -0.0657   0.0000   0.0000
   4.300   0.8450   0.00000  -0.00449  -0.0658   0.0000   0.0000
   4.400   0.8584   0.00000  -0.00464  -0.0659   0.0000   0.0000
   4.500   0.8718   0.00000  -0.00479  -0.0660   0.0000   0.0000
   4.600   0.8852   0.00000  -0.00495  -0.0661   0.0000   0.0000
   4.700   0.8986   0.00000  -0.00512  -0.0662   0.0000   0.0000
   4.800   0.9120   0.00000  -0.00530  -0.0663   0.0000   0.0000
   4.900   0.9254   0.00000  -0.00548  -0.0664   0.0000   0.0000
   5.000   0.9388   0.00000  -0.00567  -0.0665   0.0000   0.0000
   5.100   0.9522   0.00000  -0.00587  -0.0666   0.0000   0.0000
   5.200   0.9657   0.00000  -0.00608  -0.0667   0.0000   0.0000
   5.300   0.9792   0.00000  -0.00630  -0.0668   0.0000   0.0000
   5.400   0.9926   0.00000  -0.00653  -0.0669   0.0000   0.0000
   5.500   1.0061   0.00000  -0.00676  -0.0670   0.0000   0.0000
   5.600   1.0197   0.00000  -0.00701  -0.0671   0.0000   0.0000
   5.700   1.0332   0.00000  -0.00726  -0.0671   0.0000   0.0000
   5.800   1.0467   0.00000  -0.00753  -0.0672   0.0000   0.0000
   5.900   1.0603   0.00000  -0.00780  -0.0673   0.0000   0.0000
   6.000   1.0738   0.00000  -0.00809  -0.0674   0.0000   0.0000
   6.100   1.0874   0.00000  -0.00839  -0.0674   0.0000   0.0000
   6.200   1.1010   0.00000  -0.00870  -0.0675   0.0000   0.0000
   6.300   1.1147   0.00000  -0.00902  -0.0675   0.0000   0.0000
   6.400   1.1283   0.00000  -0.00935  -0.0676   0.0000   0.0000
   6.500   1.1419   0.00000  -0.00970  -0.0676   0.0000   0.0000
   6.600   1.1556   0.00000  -0.01006  -0.0677   0.0000   0.0000
   6.700   1.1693   0.00000  -0.01043  -0.0677   0.0000   0.0000
   6.800   1.1830   0.00000  -0.01082  -0.0678   0.0000   0.0000
   6.900   1.1968   0.00000  -0.01122  -0.0678   0.0000   0.0000
   7.000   1.2105   0.00000  -0.01164  -0.0679   0.0000   0.0000
   7.100   1.2243   0.00000  -0.01207  -0.0679   0.0000   0.0000
   7.200   1.2381   0.00000  -0.01252  -0.0679   0.0000   0.0000
   7.300   1.2519   0.00000  -0.01298  -0.0679   0.0000   0.0000
   7.400   1.2657   0.00000  -0.01346  -0.0680   0.0000   0.0000
   7.500   1.2796   0.00000  -0.01396  -0.0680   0.0000   0.0000
   7.600   1.2934   0.00000  -0.01448  -0.0680   0.0000   0.0000
   7.700   1.3073   0.00000  -0.01501  -0.0680   0.0000   0.0000
   7.800   1.3213   0.00000  -0.01557  -0.0680   0.0000   0.0000
   7.900   1.3352   0.00000  -0.01614  -0.0680   0.0000   0.0000
   8.000   1.3492   0.00000  -0.01673  -0.0680   0.0000   0.0000
   8.100   1.3632   0.00000  -0.01735  -0.0680   0.0000   0.0000
   8.200   1.3772   0.00000  -0.01798  -0.0680   0.0000   0.0000
   8.300   1.3912   0.00000  -0.01864  -0.0680   0.0000   0.0000
   8.400   1.4053   0.00000  -0.01932  -0.0679   0.0000   0.0000
   8.500   1.4194   0.00000  -0.02002  -0.0679   0.0000   0.0000
   8.600   1.4335   0.00000  -0.02075  -0.0679   0.0000   0.0000
   8.700   1.4477   0.00000  -0.02150  -0.0678   0.0000   0.0000
   8.800   1.4619   0.00000  -0.02227  -0.0678   0.0000   0.0000
   8.900   1.4761   0.00000  -0.02307  -0.0677   0.0000   0.0000
   9.000   1.4903   0.00000  -0.02390  -0.0677   0.0000   0.0000
   9.100   1.5046   0.00000  -0.02475  -0.0676   0.0000   0.0000
   9.200   1.5189   0.00000  -0.02564  -0.0676   0.0000   0.0000
   9.300   1.5333   0.00000  -0.02655  -0.0675   0.0000   0.0000
   9.400   1.5476   0.00000  -0.02749  -0.0674   0.0000   0.0000
   9.500   1.5621   0.00000  -0.02846  -0.0673   0.0000   0.0000
   9.600   1.5765   0.00000  -0.02946  -0.0673   0.0000   0.0000
   9.700   1.5910   0.00000  -0.03049  -0.0672   0.0000   0.0000
   9.800   1.6055   0.00000  -0.03156  -0.0671   0.0000   0.0000
   9.900   1.6200   0.00000  -0.03266  -0.0670   0.0000   0.0000
  10.000   1.6346   0.00000  -0.03380  -0.0669   0.0000   0.0000
  10.100   1.6492   0.00000  -0.03497  -0.0668   0.0000   0.0000
  10.200   1.6639   0.00000  -0.03618  -0.0666   0.0000   0.0000
  10.300   1.6786   0.00000  -0.03742  -0.0665   0.0000   0.0000
  10.400   1.6934   0.00000  -0.03871  -0.0664   0.0000   0.0000
  10.500   1.7081   0.00000  -0.04003  -0.0662   0.0000   0.0000
  10.600   1.7230   0.00000  -0.04140  -0.0661   0.0000   0.0000
  10.700   1.7378   0.00000  -0.04280  -0.0659   0.0000   0.0000
  10.800   1.7528   0.00000  -0.04425  -0.0658   0.0000   0.0000
  10.900   1.7677   0.00000  -0.04575  -0.0656   0.0000   0.0000
  11.000   1.7827   0.00000  -0.04729  -0.0654   0.0000   0.0000
  11.100   1.7978   0.00000  -0.04887  -0.0652   0.0000   0.0000
  11.200   1.8129   0.00000  -0.05051  -0.0651   0.0000   0.0000
  11.300   1.8280   0.00000  -0.05219  -0.0649   0.0000   0.0000
  11.400   1.8432   0.00000  -0.05393  -0.0647   0.0000   0.0000
  11.500   1.8585   0.00000  -0.05571  -0.0645   0.0000   0.0000
  11.600   1.8738   0.00000  -0.05755  -0.0642   0.0000   0.0000
  11.700   1.8892   0.00000  -0.05945  -0.0640   0.0000   0.0000
  11.800   1.9046   0.00000  -0.06140  -0.0638   0.0000   0.0000
  11.900   1.9201   0.00000  -0.06341  -0.0635   0.0000   0.0000
  12.000   1.9356   0.00000  -0.06548  -0.0633   0.0000   0.0000
